<<<<<<< HEAD
=======
25 25
>>>>>>> 9c666aade04640e238410e4c7bdfa33cb95081f4
1 1 1 1 1 1 1 1 1 1 1 1 1 1 1 1 1 1 1 1 1 1 1 1 1
1 0 0 0 0 0 0 0 0 0 0 0 0 0 0 0 0 0 0 0 0 0 0 1 1
1 0 1 1 1 1 1 1 1 1 1 0 1 1 1 1 1 1 0 1 1 1 0 1 1
1 0 0 0 0 0 0 1 1 1 1 0 1 1 1 1 1 1 0 1 1 1 0 1 1
1 0 0 0 0 0 0 1 1 1 1 0 0 0 0 0 0 0 0 0 0 0 0 0 1
1 1 1 1 1 1 0 1 1 1 1 0 1 1 1 1 1 1 1 0 1 1 0 1 1
1 1 1 1 1 1 0 1 1 1 1 0 1 1 1 1 1 1 3 0 1 1 1 1 1
1 1 1 1 1 1 0 1 1 1 1 0 1 1 1 1 1 1 1 0 1 1 1 1 1
1 0 0 1 1 1 0 0 0 0 0 0 0 0 1 1 1 1 0 0 1 1 1 1 1
1 0 1 1 1 1 1 0 1 1 1 1 1 0 0 0 0 0 1 1 1 1 1 1 1
1 0 1 1 1 1 1 0 1 1 1 1 1 1 1 1 1 0 0 0 0 0 0 1 1
1 0 0 0 0 0 0 0 0 0 0 0 0 0 0 0 0 0 1 1 1 1 0 1 1
1 1 1 1 1 0 1 1 1 1 1 0 1 1 1 0 1 1 1 1 1 1 0 0 1
1 0 0 0 0 0 1 0 0 0 0 0 1 1 1 0 0 1 1 1 1 1 1 0 1
1 0 1 0 1 1 1 0 1 1 1 0 1 1 1 1 0 1 1 1 1 1 1 0 1
1 0 1 0 1 1 1 0 3 0 0 0 0 0 0 0 0 0 0 0 0 0 0 0 1
1 0 0 0 0 0 0 0 0 0 0 0 1 1 1 1 1 1 1 1 0 1 1 1 1
1 0 1 1 1 1 1 1 1 1 0 3 1 1 1 1 1 1 1 1 0 0 0 0 1
1 0 1 1 1 1 1 1 1 1 0 1 1 1 1 1 1 1 1 1 1 1 1 0 1
1 0 0 0 0 0 1 1 1 1 0 0 0 0 0 0 0 0 3 5 0 0 0 0 1
1 0 1 1 0 0 1 1 1 1 1 1 1 1 1 1 1 1 3 0 1 1 1 1 1
1 0 1 1 1 0 1 1 1 1 1 1 1 1 1 1 1 1 0 0 1 1 1 1 1
1 0 1 1 1 0 1 1 1 1 1 1 1 1 1 1 0 0 0 3 0 1 1 1 1
1 0 0 0 0 0 0 0 0 0 0 0 0 0 0 0 0 3 0 0 2 0 0 0 1
<<<<<<< HEAD
1 1 1 1 1 1 1 1 1 1 1 1 1 1 1 1 1 1 1 1 1 1 1 1 1
=======
1 1 1 1 1 1 1 1 1 1 1 1 1 1 1 1 1 1 1 1 1 1 1 1 1
>>>>>>> 9c666aade04640e238410e4c7bdfa33cb95081f4
